2965 501
1401 999991
1510 999717
2004 999291
2138 999092
2439 998859
2991 998363
3210 998074
3430 998044
3833 997683
4382 997334
4584 996901
4656 996267
6535 996031
7275 995776
7675 994955
7913 994887
8341 994645
9315 994212
11520 993972
11724 993831
11872 993603
12575 992691
12663 992001
12796 991831
12942 991167
13274 991126
13652 991107
13742 990814
13947 990701
14053 990435
14429 990214
14811 988742
15300 988275
15648 988097
16180 987995
16884 987838
19316 987474
19436 987155
19455 986304
19474 986067
19513 985877
19660 985340
19661 984835
19694 984169
19774 984165
20409 983865
20753 983862
20846 983516
21695 983509
21780 983050
21828 982225
22222 982158
22441 981473
23298 981264
23743 981033
23812 980563
23878 980326
24072 980236
24078 980218
24318 979996
24427 979317
24508 979173
24529 979131
24562 978959
25528 978566
25751 977526
25821 977065
26298 976971
27379 976964
27615 976801
27967 976378
28089 976344
28129 975548
28394 975030
28923 974826
29050 974765
29237 974560
30235 974447
30835 974086
31237 973239
31410 972674
33622 972339
33914 972159
33944 971687
34469 971610
34626 971365
35201 971303
35477 971100
35653 970524
35716 970499
35737 970323
35972 969933
35990 969785
36417 969280
37103 969178
37266 968534
37297 968418
37531 968320
37675 968316
37891 968251
37922 968090
38309 967363
38395 966981
38670 966488
39085 966427
39297 965757
39979 965267
40003 965243
40180 964861
41421 964729
41922 963935
42152 963560
43053 963548
43451 963507
43708 963459
43958 963171
44309 962997
44533 962934
45592 962436
45893 962357
46419 962349
47312 961542
47470 961183
48047 961150
48204 961076
48456 960682
48485 960447
48812 960251
48981 959862
50334 959065
50429 958642
51204 958320
51593 957909
52675 957826
52783 957584
52820 957317
52975 956423
53940 956108
54036 955972
54283 955488
54738 955343
55332 955053
55383 955043
55660 954917
55856 954577
56081 954424
56499 954333
57537 953546
58040 953034
58363 952499
58433 952460
58454 952141
58690 952112
58995 952077
59018 951772
59949 951144
60243 950773
60402 950543
60715 950487
61252 950339
61546 950179
61809 950138
62301 949879
62548 949435
62596 949377
62599 949278
62788 948662
63309 948513
64136 948144
64184 947471
64207 947163
64532 946947
64710 946793
64747 946401
64883 946279
64934 946255
65414 946239
65455 946198
65653 945120
65799 944496
65849 944374
66876 944208
67113 943854
67146 943767
67709 943011
67719 942996
67956 942285
68120 942129
68649 941877
68668 940867
68711 940610
69093 940570
69235 940513
69795 940236
70634 940019
70930 939966
70990 939574
71801 939112
71828 938893
71991 938838
73012 937729
73166 937397
73186 937301
73636 936909
73883 936083
73906 935741
74336 934773
75326 934520
75930 934406
76991 934402
77043 934191
77395 934049
78185 933551
78827 933506
80106 933033
80293 932853
80369 932662
81233 932647
81544 932191
81681 932086
81910 931008
82695 930922
83538 930755
83770 930721
83981 930585
84390 930434
84435 929844
85135 929648
85418 929481
85461 928893
86196 928790
86626 928181
86953 927865
87189 927248
87228 926590
87536 926495
87680 926345
88440 926110
88513 925975
88636 924796
89509 924602
89534 923389
90919 922612
91004 921997
91079 921990
91211 921767
91346 921448
91370 921424
91432 920839
91545 920822
92204 920760
92897 920095
93468 919183
94541 919182
94842 919057
95665 918504
96478 918473
97051 918404
98089 918227
98313 918086
98758 917505
99168 917157
99434 916653
100173 915419
100355 915066
100738 914947
100762 914678
101909 914373
102330 912798
102538 912783
103146 912335
103504 911751
104321 911582
104733 911248
104992 911232
105242 910538
105276 910190
105542 909918
105642 909874
105666 909838
106249 909772
106467 909655
106705 909365
106742 909243
106942 909208
107278 909191
107350 908895
107459 908717
107566 908318
108275 907719
109183 907312
109343 906709
109391 906251
109483 906084
109643 905519
110049 905227
110061 905121
110385 904903
110552 904879
110597 904025
110614 903955
111997 903695
112190 903457
112729 903330
112943 903180
113070 902837
113112 902713
113163 901801
113384 901748
113386 901738
114284 901406
114725 901356
114906 901199
115309 901194
115426 901169
115524 900754
116041 900662
116163 899585
116964 899062
117000 898782
117191 898461
117427 898309
117525 898125
118087 897840
118551 896629
118562 896424
119284 896306
119510 895407
120712 895345
120839 895027
121058 894901
121987 894509
122251 894498
122459 893843
122471 893803
122665 893764
123029 892476
123380 892322
123717 891977
123725 891206
124241 890825
124261 890807
124674 890519
125231 890463
125328 890130
125400 890019
125815 889719
126501 888396
126771 887221
126855 887152
126961 886880
127089 885869
128353 885837
128600 885741
128747 885635
128935 885496
129776 885237
129826 884832
131015 884607
131339 883780
131410 883544
131607 883248
131687 882266
131720 882067
131844 881896
131918 881664
132003 881619
132310 881560
132970 881479
133020 881404
133233 881255
133301 881196
133497 878962
133674 878428
134195 878360
134260 878212
135264 877410
135347 877295
135686 876742
135869 876493
136218 875512
137241 875483
138731 875151
139084 873438
139140 872476
139307 871243
140234 870994
140720 870892
140777 870750
141363 870549
141464 870498
141522 870120
141965 870050
142385 869569
142389 869542
142615 869167
142633 869099
143285 869073
143466 868847
143477 868810
144226 868396
145622 868007
146234 867904
146761 867851
147080 867399
147162 865489
147232 865454
147579 865380
147685 864212
147960 863902
148396 863779
148403 863639
148770 862650
148825 862384
149644 862323
149715 862216
150697 861795
151455 861441
151495 859846
151958 859525
152125 859310
152352 859260
152890 858725
153354 858676
153912 858498
154242 858478
154886 857926
154942 857639
155100 857516
155473 857282
155896 856984
156166 856954
156352 856730
156669 856699
156790 856433
156918 856391
157538 854167
157784 853484
158605 853229
158617 853168
158691 852615
158912 852233
159984 851425
160175 851397
160351 851076
160449 850953
161129 850032
161625 849190
162304 848832
162796 848709
162866 848690
162965 848227
163498 848190
163665 847643
163895 847623
164104 847362
164199 847137
164284 846854
165217 846576
165377 846021
166888 845680
167343 845259
168289 845193
168510 844134
168648 843588
169227 843107
169267 842915
169428 842387
169476 842290
169493 841476
170613 841203
171248 841109
171570 840970
172554 840860
172861 840726
173054 840220
173450 839776
173551 839549
173634 839509
173657 839487
174126 839429
174468 838588
174655 838535
174826 838490
175112 838091
175348 837776
175550 837417
175580 837235
176568 836122
177721 836117
177753 836109
177768 835088
177835 834745
178117 834557
178286 833830
178345 833768
178360 833505
178455 833221
178943 832558
179349 831929
179864 831727
180210 831507
180455 831391
180790 831189
181508 831098
181953 830605
182163 830420
182578 830265
182774 830021
182877 829867
183101 829534
183108 829462
183529 829213
183853 828842
183854 828404
184859 828285
184950 828038
185167 827376
185385 826588
186373 826531
186396 825710
186893 825595
187076 825576
187448 824861
187575 824555
187577 824041
187786 823948
187854 823138
187900 822994
188075 822902
188127 822864
188203 822212
189178 822057
189812 820750
190129 820668
190342 820206
190997 820034
191335 819624
191633 819401
191788 819214
192171 818801
192364 817948
193059 817102
193368 817078
193510 817053
194158 816998
194195 816739
194472 816429
194484 816107
194876 816100
195256 815398
195263 815223
195301 815164
195554 814921
195881 814820
196144 814680
196895 814031
197395 813945
197890 813853
197905 813815
198231 813103
198649 812868
200200 812687
200418 812630
200709 812584
200876 812517
201402 812338
202017 811187
202358 810988
202408 810929
202460 810778
202729 810581
202781 810463
203168 810050
203766 809833
203834 809690
204051 809507
204152 809493
205381 808661
207194 807545
207233 807444
207434 806923
207750 806618
207846 806085
207856 806000
207960 805906
208227 805588
208232 805429
208426 805236
208669 805045
209016 805039
210150 805014
210768 804240
210798 804149
210969 803677
211065 803539
211161 803472
211374 803128
211391 802556
212481 802307
212526 801907
212756 801495
212837 801472
213130 801414
213239 801364
213440 800739
213792 800397
215969 800019
216271 799222
216330 799036
216383 798604
216393 797533
216558 796828
217145 795997
217593 795828
217920 795765
218067 795746
218479 794868
218963 794107
219324 793905
219691 793592
219834 793423
220198 793416
220599 793153
220739 793042
221219 792835
221355 792409
221440 791968
221915 791770
221931 791760
222230 791753
222268 791125
222921 791116
223104 791100
223795 791094
224238 790992
224552 790303
224803 790300
224998 790172
226148 789770
226442 789199
226790 789107
226858 788871
226921 788806
226975 788253
227035 788059
227094 787750
227191 787620
227238 786833
227361 786721
228069 786477
228138 786405
228418 786345
228636 785884
228918 785818
231893 785785
231940 785268
231964 785009
232102 785006
233040 784510
234529 784494
234940 783224
234950 782992
235646 782533
235775 781427
236469 780694
237992 779978
238018 779497
238128 779316
238193 779194
239154 778986
239207 778910
240326 778607
240370 778119
240390 777030
240759 776571
241319 776477
241495 776208
241557 775770
241603 775407
242121 775155
242207 774712
242214 774351
242322 774329
242484 774287
242595 774060
242614 773846
243199 773468
243523 773461
244627 773336
244654 773236
244659 773125
244841 771819
244931 771540
245715 771339
246043 771308
246350 771260
246508 770641
246992 770132
247135 769554
247313 768854
248093 768812
248222 768706
248364 768500
248605 768489
248966 768353
249050 768259
249420 767311
249918 767110
250484 766992
250681 766347
250860 766084
250937 765974
251104 765074
251463 764617
251868 764433
253073 764422
253326 764078
254396 764000
254724 763322
254982 763108
255187 762072
255264 762017
255670 761993
255789 761569
255846 761495
256685 760942
256691 760173
257128 759649
257366 759537
258019 758789
258153 757357
258556 757118
258668 757057
258674 756714
258962 756525
259367 756513
259645 756231
259646 755767
259743 755424
261096 755287
262368 753232
262547 752327
262793 752302
262871 751048
262996 750886
263229 750485
263482 750426
263639 749895
263696 749880
263910 749739
264432 749372
264435 749282
265339 748789
265397 747696
265449 747476
265718 746827
266277 746807
266334 746387
266719 746297
266740 746239
266860 745993
266874 745800
266971 745669
267254 745577
267294 745191
268441 745177
268820 745117
269038 744912
269112 744700
269527 743955
269565 743660
269871 743275
270051 742244
270121 741721
270197 741041
270296 741001
270467 740734
270523 740415
271599 740245
272019 739818
272952 739461
272973 738835
273938 738549
274558 738543
275688 737420
275698 737326
275749 737021
275973 736479
276270 736209
276295 736142
276523 735304
277165 735232
277492 735157
278350 734971
278723 734851
278814 733848
278837 733667
278924 733345
278943 733212
278952 732596
279075 732088
279416 731913
279424 731635
279510 731590
279786 731113
280354 730828
280745 730665
281937 730242
282205 730181
282731 729502
283038 729393
283921 729388
284277 729347
284300 728949
284378 728775
284484 728334
284623 728324
285357 727776
285643 727713
286222 727616
286751 727380
286777 727187
287282 727082
287534 725831
287951 725679
288043 725576
288145 724666
288298 724633
288929 724425
290252 723941
291492 723849
292122 723766
292543 723263
292558 722979
292638 722402
294156 722003
294406 721764
295060 721690
295383 721463
295556 721452
295560 721083
296038 720788
296425 720603
296652 720532
297407 720185
297729 719780
298022 719192
298131 718757
298324 718404
298457 718365
298930 718046
299343 717868
299619 717798
299633 717175
299717 716466
300235 715882
300392 715702
300565 715361
300840 715312
301031 715000
302027 714835
302245 713161
302336 712899
302520 712692
303054 712566
303353 712547
303604 712530
303646 712167
303858 711334
304869 711272
304948 710931
305621 710686
306624 709694
307432 709336
310137 709279
310455 708943
310471 707248
310541 706631
310682 706308
311226 704838
311511 704141
311521 704108
311522 704059
311663 704040
311665 703870
311890 703844
312034 703177
312744 703114
312788 703031
312817 702779
313130 702714
313856 702574
315347 702344
315689 701694
316415 701446
316686 701255
316754 700601
317674 699521
318178 699236
318200 699169
318486 699028
318662 698651
319028 698226
319072 697949
319465 697436
319841 697176
320067 696669
320150 696452
320940 696155
320997 696095
321087 695537
321554 695506
321626 695110
321631 695085
322024 694109
322239 693885
322459 692924
322868 692922
323607 692891
323817 692830
324108 692789
324122 692052
324244 691177
324276 691154
324413 690781
324428 690597
324560 690390
324788 690341
325218 690156
325231 689865
325262 689789
325307 689709
325321 688500
325467 687864
325585 687861
326419 687685
326937 687643
327036 687081
327184 686855
327370 686739
327587 686668
327701 685885
328110 685758
328156 685755
328400 685213
328543 685083
328727 684809
328845 684778
329024 684560
329058 684272
329432 683846
329499 681976
329730 681935
330249 681127
330663 681085
331796 679990
331996 679577
332000 679218
332451 678844
332643 678804
332711 678646
332726 678601
332731 677573
332823 677332
332836 676919
332858 676389
332927 676367
333558 676181
333931 676104
334828 675566
334981 675277
334990 674858
335012 674296
335312 674177
335481 673037
336138 672462
336506 672189
336554 672061
338129 672019
338968 671077
339919 670332
340070 669811
340107 669558
341064 669469
341233 669169
341797 669112
341834 668937
342606 667925
343175 667503
343243 667196
343642 667032
343698 666889
344001 666490
344191 666450
344363 665534
345141 665222
345207 665045
345614 665042
345734 664503
345895 664470
346461 664423
346560 664176
346780 663735
346989 663200
347198 662241
348129 661485
349174 661265
349745 660399
350212 659708
350366 659476
350923 659291
351030 659227
351169 657537
351205 656821
351322 656729
351383 656723
351632 656701
351690 656583
351836 655997
352227 655851
352361 655597
352700 654796
352813 654557
353154 653425
353683 653267
354222 653169
354737 653097
355183 652869
355435 652392
355625 652377
355726 652322
355870 652194
356134 652070
356156 651972
356342 651670
356543 651474
356709 651234
356816 650370
357232 650167
357657 649646
357773 648221
357983 647969
358383 646517
358506 646496
359173 646265
359745 646103
359845 644871
359939 644132
360517 644118
360747 642976
360861 642744
361664 642307
361755 642306
361800 641964
362005 641885
363351 640663
363606 640520
363762 640367
364579 640294
364653 640195
364676 640146
365051 639970
365102 639790
365908 639425
366929 639343
366935 639068
367459 638986
367619 638508
367657 638460
368139 638044
368761 637928
369284 637915
370142 637570
370329 637559
370409 636596
370518 636133
371105 636098
371232 635982
371950 635607
372661 635109
372984 634850
373461 634593
373514 634476
373757 633455
374383 633241
374385 632971
374907 632878
374984 632875
374989 632564
375347 632491
375528 632156
375799 631321
376118 630945
376123 629956
376410 629875
376721 629606
376804 629592
376878 629555
377096 629246
377205 629001
377734 628947
379127 628392
379826 627220
379986 626075
380058 625135
380063 624660
380597 624553
380601 624326
380691 623678
381359 623063
381556 622646
381682 622029
382788 622018
383121 621947
383651 621740
383672 621719
384128 621605
384172 620715
384956 620559
386311 620413
386364 620189
386607 620109
387201 619972
387369 619400
387634 619139
387700 619110
387848 618967
388312 618552
388353 618064
388783 617966
388858 617774
389209 617598
389236 617586
389559 617327
389709 617282
389890 617067
389987 617004
390068 616922
391147 616382
391437 615730
391689 615723
392834 615580
393474 615161
393667 614948
393751 612917
394288 612809
394354 612236
394689 612157
395068 612027
396190 611282
396396 611270
398287 610959
399075 610279
399569 610216
399653 609873
399686 609497
399702 608534
399873 608477
399896 608088
400058 608071
400149 607324
400574 605727
401193 605553
401248 605283
401386 605194
401492 604797
401672 604540
402363 604258
403246 604063
403833 603979
404630 603780
404851 603601
404897 603577
404902 603358
405555 603290
405791 603220
405937 603124
406297 602713
406414 602690
406521 601782
407536 601768
407608 601505
408446 600709
409707 599601
409979 599350
410149 599216
410281 598458
410932 598070
410981 597888
411187 597371
411380 597346
411408 597181
411597 596418
411991 596192
412205 596084
412784 595996
412990 595937
413140 594204
413164 592840
413216 590691
413391 590453
413695 590296
413714 590144
414955 590007
415294 589663
415481 589387
415502 589202
415762 588482
416045 587475
416140 587411
416269 587347
416468 586652
416514 586107
416759 584983
416933 584907
417323 584864
417645 584852
417875 584561
417906 584358
418374 584293
419233 584021
419790 583998
419885 583801
420096 583267
420203 583041
420449 582928
420675 582868
420698 582328
420919 582111
421326 582098
421687 581949
421854 581859
421868 581782
422581 581479
423112 581240
423295 581232
423928 581231
424390 581149
424640 581024
425342 580845
425371 580823
425529 580425
425559 580388
425632 580222
426097 580134
426643 579395
426742 579055
426933 579024
426946 578926
427052 578715
427415 578709
427595 578113
427686 578079
428130 577799
428412 577287
429136 577145
430288 576724
430409 576383
430650 575722
430847 575387
430955 575342
431814 575065
433060 574646
433533 574594
433554 574406
434194 574268
434772 574134
435083 573963
435146 573951
435167 573712
435486 573576
435708 573180
435803 572718
435938 572380
436002 572106
436156 571972
436273 571401
436372 571264
436473 571246
436635 570651
436795 570250
437011 569571
437195 569400
437232 569389
437406 568631
437801 567592
438544 566780
438582 566160
439543 565070
439636 565061
441820 564659
442519 564459
442768 564270
443393 564032
444152 563248
444795 563128
444827 562945
444990 562169
446358 561401
446655 560978
446657 560740
446815 560272
446823 560063
447061 559481
447407 559209
447411 559159
447416 558497
447429 558094
447792 557855
447907 557800
447913 557276
448194 557083
448697 556679
449772 556448
449827 555237
449932 555012
450060 554317
450325 554134
450450 553944
450518 553830
451116 553726
451424 553701
451550 553394
451556 553180
452847 552986
452866 551952
452878 551787
453032 551768
453057 551409
453418 551292
453884 550537
454073 550233
454206 549862
454646 549498
454842 549238
454955 548488
455124 548449
455854 548433
456238 548246
456961 547659
457792 547357
457833 547176
458007 546766
458286 545904
459756 545846
460367 545620
461049 544311
461536 544277
461666 543874
461918 543835
461945 543721
462020 543473
462072 543417
462373 543348
462966 543268
463407 542399
463724 541950
463945 541592
464022 541551
464033 541001
464034 540178
465061 540022
465478 539913
466050 539912
466556 539632
466984 539110
467005 538605
467369 538332
467399 538287
467426 537640
467427 537380
467659 537202
467698 537088
467828 536560
467867 536101
468103 535498
468193 534627
468228 534467
468542 533830
469415 533318
469888 533293
470108 533273
470824 532736
471438 532730
471750 531949
472722 530998
472850 530750
473445 530631
474453 530608
474666 530243
475490 529555
475676 529526
475797 528692
475907 528596
476082 528532
476103 528004
476442 527088
476916 526559
477025 526426
477188 526213
477343 525822
478640 525780
479271 525659
479371 525238
479898 525130
480331 525025
481726 524505
481816 524496
481996 523857
483164 523802
483171 523391
483576 523225
483583 522635
483597 522190
483704 521627
483990 521498
484614 521306
485347 521052
485958 520871
486213 520840
486297 520241
486842 519837
486990 519675
487169 519578
487233 519219
487419 518967
487424 518473
487672 518330
488555 516385
488578 515806
488655 515782
488668 515747
489184 515683
489369 515025
489509 514578
489718 514310
490186 514074
490242 514040
490384 513887
492240 513709
492308 513624
492698 513385
493083 513302
493447 513079
493995 513065
494559 512771
494668 512518
494671 512162
494796 511673
494957 511265
495039 511259
495340 510903
495695 510733
495716 510436
496375 510358
497405 510075
497446 509926
497453 509261
497519 509168
497662 508964
498122 507096
498900 505779
498949 505360
499028 505256
499066 504424
500160 503347
500276 503095
500469 503050
500635 502908
500682 502310
500711 501389
501338 501253
501483 501072
501669 500675
501936 500642
502020 500321
502531 500296
503140 499967
503204 498990
503310 498699
503995 498635
504372 498295
504561 497823
504940 497260
505251 497210
505509 497190
507513 496305
508481 496224
509456 496020
509503 495559
509828 495392
509928 495261
510173 494761
511469 494572
512227 494331
512613 494148
512620 494029
513056 493623
513462 493509
513876 493470
513910 493153
514777 492361
514958 492301
515903 491811
516241 491316
516339 491041
516739 490467
516760 490439
516795 490386
517005 490363
517522 490355
518249 489673
518447 489028
518782 488608
518889 488366
518905 488068
519196 487545
519515 487506
519545 487158
519997 487153
520006 486858
520312 486843
520366 486685
520543 486004
520971 485537
521721 485172
521829 484957
522033 484011
522454 483860
522626 483023
522659 483009
522790 483006
522967 482975
523040 482782
523222 482744
523346 482643
524091 482341
524297 482206
524439 482156
524521 480850
525756 480670
525931 480447
526123 480034
526557 479769
526563 479508
527483 479126
528166 478837
528421 478428
528584 478343
528961 478062
529260 478022
529589 477399
529744 477290
530137 477185
530143 477050
530459 476348
530643 474793
530682 474700
531259 474199
531393 474087
531736 474080
532308 473532
532340 473237
532473 473118
533165 472581
533357 472482
533387 472260
533816 472167
533818 470878
534329 470790
534597 470434
534644 470025
534646 469868
535390 469721
535669 469483
535769 469382
536031 469009
536087 468813
536206 468734
536379 468471
536411 467902
536680 467890
537059 467691
537636 466140
537742 465629
537901 465368
538247 465341
538718 465279
539181 464949
539379 464842
539534 464438
540367 464432
540370 463971
541696 463650
541836 463635
542512 463009
542696 462425
543419 461816
544236 460916
544281 460576
544437 460491
546890 460424
547783 460160
547858 459479
548026 459407
548081 459185
548852 458848
548984 458562
548986 458393
549974 458285
550056 458159
550391 457431
550470 457061
550567 456633
550578 456360
550621 456341
550644 456091
550875 454899
551792 454835
551896 454784
552292 454645
552361 454449
552672 453597
553123 453563
553315 452843
554066 452827
554283 452539
554334 451765
554415 451487
554549 450852
555031 450033
555054 449900
556022 448953
556954 448843
557030 447795
557094 447732
557327 447569
557621 447167
558167 447045
558850 446658
559187 446517
559283 445916
559793 445853
559829 445116
560351 445109
560516 444849
561400 444358
561450 444327
561814 444057
561817 442909
561892 442785
561931 442364
562232 441755
562433 441067
563038 440851
563100 440713
563549 440364
563550 440351
563667 440079
563777 439692
564431 439587
564747 439342
564940 439138
564972 438517
565021 438489
565430 438472
566144 438193
566213 437093
567009 437013
567939 436984
568631 436572
568768 436192
568923 435913
568935 435758
569186 434627
569485 433557
569800 433314
570099 432552
570534 432414
570783 432173
571800 431127
571967 431116
572049 431111
572189 430949
572280 430907
572382 430776
572460 430624
572994 430013
573005 429449
573232 429253
573307 429243
573983 429069
575403 429057
576122 428971
576568 428410
576746 427912
576950 427837
577250 426257
577901 425655
578646 425035
579606 424930
579781 424837
580290 424626
581292 424355
581532 423869
581685 422104
583237 422099
583306 422040
583872 421839
583953 421771
584153 421555
584586 421017
585164 420286
586011 419307
586044 419210
586756 418950
586869 418944
586927 418489
587027 418393
587084 418367
587704 417668
587756 417660
587775 417484
588128 417223
588252 416527
588388 415343
588627 415342
589930 414694
590075 414609
590877 413967
591773 413853
592044 412989
592097 412971
593698 412928
593925 412715
594118 412565
594165 412481
594286 412354
594648 412221
595067 411907
595387 411860
595451 411406
596070 411275
596230 411231
596411 411038
597779 410514
598606 410330
599091 410089
599278 409918
599497 408652
599573 407837
599603 407613
600102 407457
600398 407175
600934 407057
601179 407051
601927 406068
602294 405912
602474 405762
602694 404921
602873 404511
603136 403985
603216 403287
603419 403247
603498 402500
603645 402315
603675 402108
604018 401967
604030 400763
604142 400672
605041 400470
605402 400251
605445 400239
606238 400044
606727 399571
606844 398679
606904 398513
607640 398439
607779 398001
608198 397990
608745 397400
608852 397302
609572 397105
609592 396618
610175 396435
610418 394087
611385 393654
611636 393319
612903 392985
613056 392952
614053 392812
614105 392474
614203 392165
614371 391925
614734 391820
615132 391347
615743 391046
617265 390145
617722 389593
617786 389590
618052 389337
618213 389245
618622 388898
619067 388754
619343 387926
619547 387376
619945 387335
620070 387293
620166 386889
620205 386728
620477 386443
620593 385621
620994 385302
621154 385176
621755 384701
621760 384482
622333 384035
622564 383627
622724 382085
622780 381682
623226 381537
623925 381326
625419 380211
625916 379673
626058 379387
626327 379354
626387 379255
626446 377921
626458 377905
626571 377841
627278 377569
627669 377053
627733 376863
627757 376325
627856 375848
628242 375615
628397 374850
628444 374243
628671 374162
628917 374060
629863 373694
629908 373135
630682 373053
630773 372970
631317 372925
631681 372802
631868 372779
631885 372662
631888 371847
632502 371662
633136 371514
633199 370316
634085 370167
634212 369796
635245 369611
636304 369411
636585 368551
636750 368458
637325 367873
637433 367616
638342 367400
638378 367068
638494 366977
638772 366950
639251 366730
639475 366103
639704 365797
639708 365652
639803 364899
640023 364397
640035 364268
640095 363884
640284 363543
640388 363510
641102 362833
641247 361712
641422 361597
641493 361057
641658 360678
642483 360610
642700 360108
643551 360074
643927 359105
643955 358710
644031 358349
644901 358026
645207 357824
646200 357677
646466 357377
646497 357360
646593 356926
646733 356830
647047 356774
647496 356708
647506 356559
647611 356531
647911 356438
648269 356193
648372 356029
648593 355616
648607 355603
649388 355313
649481 354558
649509 354158
649558 353893
649889 352976
649948 352555
650117 352160
650310 352130
650348 351665
650481 351508
650557 351465
651547 351222
651637 350768
651651 350579
651708 350425
653097 350290
653392 350129
653956 349569
654024 349444
654549 348936
654681 348245
655649 348201
656035 348115
656574 348070
656656 347371
657243 346872
657555 346713
657645 346665
657824 345979
657828 345823
658089 344997
658910 344748
659269 344372
659308 344076
659830 343842
659868 343245
659904 343194
660003 342729
660228 342313
660479 341906
660643 341805
660696 341693
661041 341544
661841 341472
662044 340674
662776 340563
662857 340097
663359 339626
663559 339303
663669 339237
664405 338910
664429 338081
665447 337754
666786 337428
667104 337401
668353 337131
668960 336761
669068 336734
669076 336601
669123 336294
669235 335955
670517 335840
671502 335771
672276 335402
672554 335296
672816 334927
672944 334894
672981 334819
673075 334473
673607 333804
673652 333792
673956 333370
674506 333254
674575 332984
675122 332499
675229 332278
675296 332204
675610 331825
675723 331413
675968 330657
676553 329744
676603 329735
676826 329324
676936 328465
676961 328161
677245 327584
677441 327416
677811 327218
678012 326748
678046 326658
678503 326451
678722 326062
679135 325753
680535 325195
680633 324869
681046 324865
681392 324672
681451 324172
681775 323739
682020 323641
682099 323121
682143 323001
682440 322548
682567 322324
682786 322272
683000 322245
683370 321840
683524 321471
684275 321384
685059 320629
685098 320432
685163 320240
685647 320126
685907 319643
685929 319570
686030 319501
686406 319256
686923 319118
687366 318930
687687 317960
687729 317955
688165 317656
689120 317584
689260 317191
689261 316618
690021 316484
690674 315368
690811 315083
691064 315035
691379 314657
691775 314401
692176 314397
692543 314317
692671 314240
692728 314141
693167 313955
693346 313819
693378 313658
693637 313329
694060 312853
694176 312829
694454 312627
694473 311646
694669 310898
694861 310854
695235 310573
695525 310327
695730 310013
696160 310000
696176 309977
696355 309783
696798 309395
697220 309180
698356 308279
698423 307603
699118 307439
699226 306910
699627 306770
699847 306686
700783 306583
701172 305955
701471 305923
701711 305668
701934 305314
702162 305173
702422 304829
702856 304096
703661 303935
703723 303114
703913 302498
704628 302381
704718 301955
704832 301878
705072 300870
705092 300787
705339 300768
705418 300017
705454 299815
705547 298989
706161 298981
706370 298878
706399 298649
706586 297348
706608 296941
706663 296546
707896 296484
707914 296481
708711 296220
709696 296216
709766 296060
710579 295952
710619 295947
711642 294941
711753 294645
712176 294335
712221 294071
712260 293885
712312 293634
712683 293224
712789 292938
713419 292562
713472 292437
713573 292316
713577 292306
713836 292136
713976 291713
714148 291683
714227 291543
714701 291027
714861 291023
715714 290950
716442 290735
716543 290406
716608 289989
716647 289736
717333 289447
717880 288758
718130 287802
718234 287308
719010 287043
719030 285524
719379 284823
719514 284798
719520 284659
719691 283678
719770 283185
719818 282351
719853 282027
719981 281914
719988 281441
720116 281346
720287 280924
720401 280880
720421 280145
720714 279274
721532 279248
721690 278699
721819 277610
722463 277504
722712 277443
722807 277002
722895 276668
723044 276264
723108 276241
723277 275251
723365 274809
723883 274070
723939 273352
724000 273261
724021 272291
724074 272128
724099 270556
724386 269294
724419 269248
724436 269168
724775 268740
725059 268226
725306 267972
726032 267855
726092 267659
726849 267379
727343 267325
727582 267021
728094 266755
728729 266738
728742 266403
729286 266322
729593 266168
729726 265958
729846 265537
730498 264371
731161 263569
732246 263507
732446 263459
732985 262421
733246 262166
733478 261811
733527 261605
733773 261570
733933 261525
734025 261436
734859 261211
735032 261113
735122 260581
735465 260103
735967 260066
736011 258919
736347 258888
736651 258704
737917 258428
738055 258029
738643 258019
739061 257794
739130 257767
739217 256934
739774 255982
740383 255392
740744 255201
741151 255006
741721 254878
741801 254018
742086 253999
742235 253995
742574 253276
742724 252906
742827 252830
743423 252383
743602 252238
743937 252065
744993 252041
745813 251946
745815 251872
746096 251624
746352 251354
746499 251013
746609 250937
746620 250438
746757 250201
747483 249985
747518 249674
747720 249614
747877 249540
747979 248484
748206 248155
748228 248029
748365 247702
748506 247472
748659 247377
749119 247344
749271 247236
749566 247035
750200 246579
750321 246176
750686 245900
750730 245884
752139 245649
752695 245410
752696 245068
752851 245045
752882 244928
752901 244321
752994 243782
753066 243551
753209 243306
753397 242966
753994 242233
754060 241726
754525 241366
755271 240598
755446 240205
755805 240046
756145 239442
756862 237704
757186 237098
757325 237089
757793 236588
758544 236519
758631 236358
758742 236318
759365 235592
759425 235582
759491 235517
759654 235418
759942 235319
760374 235207
760932 235089
761126 234559
761333 234277
762525 234189
763084 233593
763603 232375
763862 232101
764091 232003
764276 231924
764304 231892
764712 231796
764810 231357
764988 230347
765649 230027
766060 229158
766665 229039
766969 228998
768076 228774
768168 228700
768421 228321
768632 227598
769608 226885
770180 226785
770648 226689
770751 226254
771005 225982
771526 225397
771677 225180
771875 224787
772403 224188
772820 223954
772998 223763
773132 223439
773767 222388
774602 222214
774631 221612
774634 221506
775117 221504
775210 221221
775255 221152
775538 220611
775569 220086
775723 219886
776136 219657
776158 219589
776165 219468
777018 218838
777109 218789
777678 218350
777689 218060
777782 217888
778469 217858
778734 217007
778831 216704
778833 216235
779740 216195
779801 216077
779812 215782
780415 215574
780727 215129
780742 215050
780757 214542
781149 214518
781233 214237
781269 213625
781302 213548
781519 213406
782688 213194
783182 213146
783746 213039
783800 213013
784033 212649
784132 212113
784153 212039
784315 212033
784606 211911
785512 211538
785729 211351
786045 211112
786204 210843
787150 210819
787263 210130
787735 210047
787940 209148
788722 209142
788728 208964
788887 208935
790131 208543
790367 208354
790884 208343
791403 208267
791558 207788
791806 207468
791828 206141
792145 206114
793240 205887
793710 205706
793823 205505
793926 205036
793961 203523
794095 203338
794208 203264
794247 203089
794576 202480
795030 202462
795710 202298
795824 201923
795846 201489
796229 201025
796970 200211
797050 199982
797257 199799
797286 199683
797593 199252
797634 199037
797730 198702
798073 198656
798250 198627
798800 198272
798952 197891
799096 197826
800655 197683
800861 197432
801526 196588
802665 196185
802838 196060
803505 195985
803728 195403
804575 195084
804747 193830
805226 193529
805243 193257
805366 192636
805523 191124
805715 191016
805775 190977
806484 190793
807040 190014
808375 189063
808648 188910
808705 188650
808858 187710
809644 187569
810112 186868
810395 186482
810633 185914
811207 185800
811856 185730
812850 185003
813759 184804
813953 184507
814069 183717
814206 183585
814807 183002
815433 182846
815792 182607
816546 182596
817233 182408
817724 181724
818327 181670
819198 181047
820028 180291
820631 179828
820809 179711
820851 179651
821034 179592
821350 178025
821363 177551
821773 175849
822228 175655
823286 175630
823288 174843
823504 174323
824632 174235
825030 173811
825041 173717
825121 173435
825685 173389
825765 173348
826320 172886
826514 172761
826599 172683
826779 171015
826825 170898
826881 170867
826976 170140
826977 168709
827193 168126
827231 168059
827817 167603
827917 167271
828792 167105
829163 166177
829297 165967
830642 165924
831202 165785
831473 165698
831622 165678
831915 164866
832290 163391
832364 163159
832600 162539
832641 162439
832678 162355
832869 162280
834290 162162
835612 161711
836466 161577
837439 161467
837532 160459
837719 160349
837917 160232
838054 159989
838153 159907
838426 159402
838438 159161
838515 159147
838579 158665
838594 158128
839198 158099
839283 156744
839311 156621
839371 155691
840051 155614
840231 155554
840839 155436
840920 155390
841040 155263
841061 155231
841934 154958
842090 154121
842138 153570
842700 153071
843062 152845
843115 152548
843267 151862
843316 151786
843663 151749
844055 151217
844322 151181
844647 150690
844751 150617
844874 150122
845537 149666
846340 149408
846436 148823
846568 148779
846908 148664
847321 148656
847535 148330
847543 147896
848267 147730
848268 147697
848576 147652
849373 147473
849716 147423
849727 147264
849912 146937
850442 146817
850619 146719
850724 146087
851100 146082
851242 145607
851325 145546
852220 144828
852786 142865
852876 141921
853250 141701
853260 141476
853315 140832
853509 140474
853974 140038
854172 139126
854308 139121
854495 138079
854703 138063
855358 137974
855556 137945
855984 137874
856356 137654
856644 137497
856827 137251
856852 137150
857367 137087
857621 137069
858150 137012
858326 136982
858681 136952
858706 136805
859210 136671
859281 136399
859501 135919
859537 135752
860621 135271
860632 134958
860775 133619
860938 133576
861202 132471
861673 132360
862060 131915
862859 131514
862989 131491
863016 131469
863068 130967
863293 130621
863439 130565
863608 129845
864047 129659
864178 129626
864755 129136
865106 129082
865119 128551
865246 128280
865518 128253
866208 128236
867297 127911
867436 127748
867662 127633
868098 126644
868187 126568
868814 126552
869617 126278
869756 126089
870035 125373
870152 125353
870514 125265
870659 125250
870861 124167
871094 123926
871729 123859
871751 123411
871830 122086
871980 121954
872199 121652
873647 121596
874593 121380
876002 121364
876208 121080
876564 121065
876626 120970
876768 120492
876886 120030
877446 119784
877861 119748
878340 118856
878659 118796
879508 118398
879812 118177
880343 117566
880515 117311
880664 117219
881179 116578
881324 116576
881615 116401
882055 115862
882629 115642
882863 114345
882930 113514
883063 113487
883128 113432
883816 113372
883843 112832
883875 112571
884531 111949
885072 111088
885607 110925
886101 110395
886133 109949
886180 108794
886263 106944
886933 106662
886984 106328
887808 106171
888006 106117
888149 105933
888349 105647
888909 105548
889017 104974
889408 104827
890297 104482
890841 104212
891291 103690
891529 103618
891940 103610
892284 102840
892452 102311
892494 101009
893651 99591
894075 99536
894440 98946
894541 98763
894570 98067
896014 97917
896092 97839
896132 97833
896342 97082
897656 96925
897811 96818
897938 96578
898532 95375
898585 95201
898787 94750
899104 94626
899236 93983
899451 93622
899642 92973
899945 92834
899995 92241
900746 92158
900781 92136
901101 92122
901429 91910
901465 91687
901793 91676
902418 91478
902448 91211
902783 91183
903235 91066
903672 90716
903963 90140
904360 89578
904493 89335
905647 87773
905833 86205
905934 86110
906454 84776
906637 84376
906922 84342
907661 83532
907685 83473
908303 83237
908597 82811
908803 82618
908809 82600
908851 82535
909075 82470
909131 82440
909309 82291
909526 81669
909752 81233
910082 81161
910961 81071
911200 80758
911276 79675
912028 78979
912145 78625
912779 78340
913619 78154
913916 77924
913972 77915
915336 77747
915397 77597
915559 77407
916154 77204
916223 76652
916230 76363
916436 76187
916520 75852
916577 75793
916858 75644
917431 75499
917643 75494
917781 75039
917907 74745
918102 74685
918130 73444
919040 73406
919068 73265
919101 73130
919365 72889
919708 72349
919841 72084
920285 71516
920626 71301
920668 71037
920919 70639
921536 69971
921706 67893
921891 67849
922158 67819
922212 67159
922302 66450
922327 66292
922347 66060
922771 65566
922780 65328
923049 64924
923309 64192
924120 64076
924454 63848
924998 63598
925282 63249
925516 63125
925759 62804
926090 62403
926311 62377
926755 62332
926851 62304
927069 62283
927207 62092
927290 61633
927422 61410
927500 60733
927600 60685
928520 60548
928790 59991
929229 59903
929405 59664
929494 58616
929609 58527
930016 57895
930087 57887
930206 57308
930328 57037
931047 56929
931557 56660
931781 55791
931902 55633
932776 55460
932792 55103
933040 55006
933104 54625
933407 54448
934078 54177
934143 53353
934414 52837
934547 52821
934672 52801
935201 51732
935471 51443
935542 51155
935731 50898
935911 50478
936210 50180
936266 49777
936276 48971
936533 48855
936938 48660
937168 48503
937360 48405
937881 48133
938247 47889
938400 47829
938678 47711
939167 47658
940093 47377
940175 46733
940268 46309
941027 46169
941172 46117
941625 45903
942273 45569
942337 44761
942392 44533
942486 44493
943354 44192
943397 44136
943842 44133
944246 43867
944525 43323
944665 43306
945800 42705
946264 42644
946575 42237
946759 41685
946796 41521
947257 41119
948366 41096
948418 40724
948527 39482
949100 39049
949510 38496
949751 38396
949796 37623
949861 36992
950583 36221
952117 36104
952413 35524
953097 35332
953186 34722
953914 34229
954107 33739
954320 33634
954752 33428
955516 32873
955583 32762
955645 32550
956840 32089
957081 32018
957219 31331
957659 31038
957987 30892
958368 29736
958453 29716
958722 29344
958897 29336
959160 29061
959931 28575
959968 28130
960523 27718
960790 27304
960950 27268
961291 26388
961370 26301
962018 26123
962647 25986
962943 25661
962977 24204
963068 23930
963227 23860
964919 23642
965407 23277
966171 23226
966300 23025
966589 22469
966980 21999
967265 21868
967590 21835
968012 20262
968428 19782
968451 19752
968722 19595
969309 19314
970144 19208
970146 18942
970638 18666
970678 18484
970934 17710
971056 17479
971208 17202
971220 17171
971234 16397
971241 16390
971700 16329
972102 15773
972398 15523
972535 15140
972770 15042
973032 14536
973204 14494
973240 14320
973407 13985
973604 13849
973721 13645
973869 13569
974165 13286
974475 13206
975119 12946
975482 12825
976535 12755
976661 12740
976769 12616
977229 12599
977639 12554
978132 12168
978212 11884
979468 11779
980453 11464
982337 11031
982529 10717
983150 10527
983178 10024
983705 9912
984012 9625
984086 9490
984174 9046
984761 8830
986129 8749
986437 8255
986715 8143
986917 7372
987320 7352
988081 6618
988302 6372
988702 6221
989405 5972
989849 5699
989913 5272
990400 5220
991139 5035
991360 4903
991550 4422
991655 4086
992167 3722
992368 3569
992628 3352
994944 3205
995126 3054
996125 2945
996324 2781
997308 2217
997659 1995
997823 1976
997950 1659
998524 1535
998541 1484
998600 1414
998924 32
